5382
6616
3611
2722
2413
4873
1273
5847
6303
6429
5691
1525
4440
1996
2836
5367
1945
266
3777
4002
4119
4882
5721
2231
1327
1906
5270
2510
6270
4035
3766
2977
732
136
3797
4317
2113
114
2482
4584
1867
671
6635
4196
2606
352
4280
2848
5927
1236
2594
4360
3728
3536
2004
756
1148
994
2091
515
5130
1488
1586
176
315
3226
4802
4674
1296
4131
5793
1401
3722
4777
2541
2286
2503
1675
830
5159
265
6669
4750
5838
4625
5218
4652
4268
1880
2146
2961
193
6165
2629
5445
4942
3942
1196
821
2771
1755
3322
5277
388
2217
6684
6458
1697
4301
3662
6391
4
6541
4705
5815
738
6553
1077
4872
675
5338
5540
6341
6768
2647
3170
2711
2845
3276
4267
6798
5970
5242
390
4019
3738
143
3862
5532
6276
2760
4603
5954
5663
6539
855
141
4284
6277
2883
4460
3867
3221
5903
1677
4947
4867
3838
1274
3026
1361
1393
5705
5506
4041
1544
1228
1001
4176
2195
5791
2359
1649
2616
4288
6108
5018
6334
2522
1858
4393
4616
4152
6439
3106
3102
618
3181
5084
914
1193
5253
6320
4998
2783
2259
909
823
4173
5856
2859
1782
3972
500
5112
3888
3992
1740
4482
5396
2373
3450
2484
4675
4156
1494
1633
6164
537
2763
145
3571
703
6436
15
3922
1055
1283
3628
5573
3400
1711
3985
928
5795
4522
4899
1088
340
2638
6573
3371
1733
3545
3105
4251
3506
4254
6166
1798
5136
1178
6116
3320
1864
4143
6770
5648
2758
5702
